8049
8049
8049
8049
8049
8049
8049
8049
1079
1079
1079
1079
1079
1079
1079
1079
2159
2159
2159
2159
2159
2159
2159
2159
523
523
523
523
523
523
523
523
4111
4111
4111
4111
4111
4111
4111
4111
6063
6063
6063
6063
6063
6063
6063
6063
1603
1603
1603
1603
1603
1603
1603
1603
5191
5191
5191
5191
5191
5191
5191
5191
3555
3555
3555
3555
3555
3555
3555
7143
7143
7143
7143
7143
7143
7143
7143
731
731
731
731
731
731
731
731
9095
9095
9095
9095
9095
9095
9095
9095
2683
2683
2683
2683
2683
2683
2683
2683
4635
4635
4635
4635
4635
4635
4635
4635
8223
8223
8223
8223
8223
8223
8223
8223
6587
6587
6587
6587
6587
6587
6587
6587
3763
3763
3763
3763
3763
3763
3763
3763
5715
5715
5715
5715
5715
5715
5715
5715
7667
7667
7667
7667
7667
7667
7667
7667
9619
9619
9619
9619
9619
9619
9619
6795
6795
6795
6795
6795
6795
6795
6795
8747
8747
8747
8747
8747
8747
8747
8747
9827
9827
9827
9827
9827
9827
9827
9827
141
141
141
141
141
141
141
141
1221
1221
1221
1221
1221
1221
1221
1221
3173
3173
3173
3173
3173
3173
3173
3173
349
349
349
349
349
349
349
349
2301
2301
2301
2301
2301
2301
2301
2301
4253
4253
4253
4253
4253
4253
4253
6205
6205
6205
6205
6205
6205
6205
6205
3381
3381
3381
3381
3381
3381
3381
3381
1745
1745
1745
1745
1745
1745
1745
1745
5333
5333
5333
5333
5333
5333
5333
8921
8921
8921
8921
8921
8921
8921
8921
7285
7285
7285
7285
7285
7285
7285
7285
9237
9237
9237
9237
9237
9237
9237
9237
2825
2825
2825
2825
2825
2825
2825
6413
6413
6413
6413
6413
6413
6413
6413
4777
4777
4777
4777
4777
4777
4777
4777
8365
8365
8365
8365
8365
8365
8365
8365
9445
9445
9445
9445
9445
9445
9445
9445
7809
7809
7809
7809
7809
7809
7809
7809
839
839
839
839
839
839
839
839
1919
1919
1919
1919
1919
1919
1919
1919
3871
3871
3871
3871
3871
3871
3871
3871
1047
1047
1047
1047
1047
1047
1047
2999
2999
2999
2999
2999
2999
2999
2999
1363
1363
1363
1363
1363
1363
1363
1363
4951
4951
4951
4951
4951
4951
4951
4951
6903
6903
6903
6903
6903
6903
6903
6903
491
491
491
491
491
491
491
491
4079
4079
4079
4079
4079
4079
4079
4079
2443
2443
2443
2443
2443
2443
2443
2443
6031
6031
6031
6031
6031
6031
6031
6031
4395
4395
4395
4395
4395
4395
4395
7983
7983
7983
7983
7983
7983
7983
7983
1571
1571
1571
1571
1571
1571
1571
1571
9935
9935
9935
9935
9935
9935
9935
9935
3523
3523
3523
3523
3523
3523
3523
3523
7111
7111
7111
7111
7111
7111
7111
5475
5475
5475
5475
5475
5475
5475
5475
9063
9063
9063
9063
9063
9063
9063
9063
7427
7427
7427
7427
7427
7427
7427
7427
4603
4603
4603
4603
4603
4603
4603
4603
6555
6555
6555
6555
6555
6555
6555
6555
8507
8507
8507
8507
8507
8507
8507
8507
7635
7635
7635
7635
7635
7635
7635
7635
9587
9587
9587
9587
9587
9587
9587
9587
109
109
109
109
109
109
109
3697
3697
3697
3697
3697
3697
3697
3697
2061
2061
2061
2061
2061
2061
2061
2061
5649
5649
5649
5649
5649
5649
5649
5649
1189
1189
1189
1189
1189
1189
1189
1189
3141
3141
3141
3141
3141
3141
3141
3141
6729
6729
6729
6729
6729
6729
6729
6729
5093
5093
5093
5093
5093
5093
5093
8681
8681
8681
8681
8681
8681
8681
8681
2269
2269
2269
2269
2269
2269
2269
2269
4221
4221
4221
4221
4221
4221
4221
4221
2585
2585
2585
2585
2585
2585
2585
2585
6173
6173
6173
6173
6173
6173
6173
9761
9761
9761
9761
9761
9761
9761
9761
8125
8125
8125
8125
8125
8125
8125
8125
5301
5301
5301
5301
5301
5301
5301
5301
7253
7253
7253
7253
7253
7253
7253
7253
9205
9205
9205
9205
9205
9205
9205
9205
8333
8333
8333
8333
8333
8333
8333
8333
1679
1679
1679
1679
1679
1679
1679
1679
807
807
807
807
807
807
807
2759
2759
2759
2759
2759
2759
2759
2759
4711
4711
4711
4711
4711
4711
4711
4711
1887
1887
1887
1887
1887
1887
1887
251
251
251
251
251
251
251
251
3839
3839
3839
3839
3839
3839
3839
3839
5791
5791
5791
5791
5791
5791
5791
5791
7743
7743
7743
7743
7743
7743
7743
7743
1331
1331
1331
1331
1331
1331
1331
1331
4919
4919
4919
4919
4919
4919
4919
4919
3283
3283
3283
3283
3283
3283
3283
3283
6871
6871
6871
6871
6871
6871
6871
6871
459
459
459
459
459
459
459
8823
8823
8823
8823
8823
8823
8823
8823
2411
2411
2411
2411
2411
2411
2411
2411
4363
4363
4363
4363
4363
4363
4363
4363
7951
7951
7951
7951
7951
7951
7951
6315
6315
6315
6315
6315
6315
6315
6315
9903
9903
9903
9903
9903
9903
9903
9903
5443
5443
5443
5443
5443
5443
5443
5443
7395
7395
7395
7395
7395
7395
7395
7395
9347
9347
9347
9347
9347
9347
9347
9347
1505
1505
1505
1505
1505
1505
1505
1505
3457
3457
3457
3457
3457
3457
3457
3457
5409
5409
5409
5409
5409
5409
5409
5409
2585
2585
2585
2585
2585
2585
2585
2585
949
949
949
949
949
949
949
4537
4537
4537
4537
4537
4537
4537
4537
2901
2901
2901
2901
2901
2901
2901
2901
6489
6489
6489
6489
6489
6489
6489
6489
77
77
77
77
77
77
77
77
8441
8441
8441
8441
8441
8441
8441
2029
2029
2029
2029
2029
2029
2029
2029
5617
5617
5617
5617
5617
5617
5617
5617
3981
3981
3981
3981
3981
3981
3981
3981
7569
7569
7569
7569
7569
7569
7569
7569
5933
5933
5933
5933
5933
5933
5933
5933
9521
9521
9521
9521
9521
9521
9521
3109
3109
3109
3109
3109
3109
3109
3109
5061
5061
